1000 0.673396310064 0.78634187098 0.673396310064 0.698063151916
2000 0.755243324353 0.813440361274 0.755243324353 0.765929832159
3000 0.800020461754 0.837895894145 0.800020461754 0.807469509831
4000 0.830866555264 0.858945218103 0.830866555264 0.835155572218
5000 0.844286055315 0.862608664787 0.844286055315 0.846482202275
6000 0.854568086485 0.871878667152 0.854568086485 0.856822888273
7000 0.858455819664 0.875825184781 0.858455819664 0.860526233224
8000 0.861729700235 0.878550902517 0.861729700235 0.863817496549
9000 0.864543191351 0.88200671639 0.864543191351 0.866716809086
10000 0.868857211063 0.884707837868 0.868857211063 0.870705249818
11000 0.869590423899 0.885208505694 0.869590423899 0.871339550168
12000 0.866930395935 0.884294937574 0.866930395935 0.868928985254
13000 0.867220270777 0.883729013166 0.867220270777 0.869213817244
14000 0.867970535075 0.883226966837 0.867970535075 0.869699021294
15000 0.865702690721 0.880840786316 0.865702690721 0.867372691938
16000 0.866981550319 0.882136170823 0.866981550319 0.868720316993
17000 0.868277461378 0.883392775815 0.868277461378 0.870009798807
18000 0.86882310814 0.883953237519 0.86882310814 0.870578798811
19000 0.868533233298 0.884219102075 0.868533233298 0.870363131854
20000 0.868857211063 0.884707837868 0.868857211063 0.870705249818
