1000 0.823841353204 0.859478155913 0.823841353204 0.824757552535
2000 0.896139549159 0.901541737462 0.896139549159 0.89636512134
3000 0.895764417011 0.904970058873 0.895764417011 0.895487762982
4000 0.873171230774 0.891665512538 0.873171230774 0.872108695386
5000 0.90122088463 0.906686230979 0.90122088463 0.900996386156
6000 0.910616239812 0.915239563645 0.910616239812 0.910104752272
7000 0.925757937455 0.928796897718 0.925757937455 0.925782263811
8000 0.900692289329 0.911332246633 0.900692289329 0.899772283885
9000 0.927241414589 0.93012322941 0.927241414589 0.926814145713
10000 0.923132012413 0.926904644947 0.923132012413 0.922883216003
11000 0.902977185145 0.914702847723 0.902977185145 0.903352133749
12000 0.867032704703 0.897186716602 0.867032704703 0.869220657109
13000 0.90838249838 0.917931438823 0.90838249838 0.907735854845
14000 0.933311734816 0.935513298338 0.933311734816 0.933323808172
15000 0.911792790642 0.919724177354 0.911792790642 0.911339932809
16000 0.909490843365 0.91522987458 0.909490843365 0.908939484765
17000 0.901902943082 0.911279443979 0.901902943082 0.901449004733
18000 0.914657436142 0.921624260564 0.914657436142 0.915017462685
19000 0.912082665484 0.919850942081 0.912082665484 0.912143150837
20000 0.941377076015 0.942700706071 0.941377076015 0.941589348427
