1000 0.823636735668 0.841972128082 0.823636735668 0.819186337412
2000 0.878695904239 0.886972744204 0.878695904239 0.878034799585
3000 0.902687310302 0.907139716119 0.902687310302 0.90242976002
4000 0.903113596835 0.907619858302 0.903113596835 0.902862087396
5000 0.907359410701 0.911046997725 0.907359410701 0.907006681468
6000 0.918374654708 0.921276692566 0.918374654708 0.918152031236
7000 0.924342666166 0.926961808832 0.924342666166 0.924143229864
8000 0.923660607714 0.927725744246 0.923660607714 0.923314959918
9000 0.925979606452 0.929995741249 0.925979606452 0.925692434322
10000 0.928758994646 0.93227374949 0.928758994646 0.928625794439
11000 0.928111039116 0.931802414868 0.928111039116 0.927974591459
12000 0.928690788801 0.932168294331 0.928690788801 0.928557492185
13000 0.929355795792 0.932683074507 0.929355795792 0.929238285234
14000 0.928008730348 0.931645357356 0.928008730348 0.927906321629
15000 0.928503222726 0.931751039798 0.928503222726 0.928400385108
16000 0.930651706851 0.933562948081 0.930651706851 0.930548803389
17000 0.931197353613 0.933983623196 0.931197353613 0.931088556776
18000 0.930549398083 0.93382205929 0.930549398083 0.930429367135
19000 0.930412986393 0.933765469395 0.930412986393 0.93031241443
20000 0.931794154759 0.934898497471 0.931794154759 0.931749182022
