1000 0.737526856052 0.775994123551 0.737526856052 0.73054576015
2000 0.841915902193 0.861270011674 0.841915902193 0.839255048475
3000 0.864611397197 0.881988705761 0.864611397197 0.863066112263
4000 0.864082801896 0.879246641068 0.864082801896 0.861915329569
5000 0.879889506531 0.88848871515 0.879889506531 0.879144230429
6000 0.888125362344 0.896884186574 0.888125362344 0.887526669767
7000 0.892166558674 0.900864717009 0.892166558674 0.891521158569
8000 0.8896429424 0.901388613841 0.8896429424 0.889116261186
9000 0.887528561198 0.900059788274 0.887528561198 0.887087456949
10000 0.888756266412 0.901649288795 0.888756266412 0.888644463456
11000 0.887085223204 0.900626362012 0.887085223204 0.886780373171
12000 0.889353067558 0.901170610612 0.889353067558 0.888823387237
13000 0.888244722573 0.900882958556 0.888244722573 0.88771881415
14000 0.886727142516 0.899846075666 0.886727142516 0.886047912687
15000 0.889301913174 0.900740057153 0.889301913174 0.888848025636
16000 0.890461412543 0.901736027599 0.890461412543 0.890128506361
17000 0.891552706067 0.902369562419 0.891552706067 0.891209498062
18000 0.889318964635 0.901679263108 0.889318964635 0.889044771943
19000 0.888568700338 0.901320545192 0.888568700338 0.888313710457
20000 0.888756266412 0.901649288795 0.888756266412 0.888644463456
