1000 0.822340824609 0.838158420859 0.822340824609 0.817493124305
2000 0.883282747331 0.890412843263 0.883282747331 0.883088361451
3000 0.90422194182 0.907509796992 0.90422194182 0.903924829562
4000 0.904409507895 0.907622131129 0.904409507895 0.904155468673
5000 0.90903045391 0.911959077935 0.90903045391 0.908738001745
6000 0.925280496539 0.927140394618 0.925280496539 0.924985230658
7000 0.931316713842 0.93306048443 0.931316713842 0.931053542003
8000 0.935937659857 0.937838754377 0.935937659857 0.935720407077
9000 0.940166422262 0.941793298214 0.940166422262 0.939997786002
10000 0.944088258364 0.945318618066 0.944088258364 0.943992609658
11000 0.944003001057 0.945237333637 0.944003001057 0.943891049772
12000 0.943730177676 0.945000846634 0.943730177676 0.943617194697
13000 0.943014016301 0.944274678235 0.943014016301 0.942880937287
14000 0.94209323739 0.943386100018 0.94209323739 0.941960273106
15000 0.941786311087 0.943046984937 0.941786311087 0.941664677502
16000 0.941684002319 0.942852799937 0.941684002319 0.941575696351
17000 0.941922722777 0.943000447437 0.941922722777 0.941828410357
18000 0.942263752004 0.943356147326 0.942263752004 0.942176303981
19000 0.943065170685 0.944212074606 0.943065170685 0.942987910164
20000 0.945298912117 0.946262305862 0.945298912117 0.945239291565
